10000 7.60 7.80 1 114 50
8000 7.60 7.80 1 118 50
5000 7.60 7.72 1 116 50
3000 7.60 7.56 1 118 50
2000 7.56 7.24 1 114 50
1500 7.56 6.84 1 110 50
1250 7.56 6.56 1 107 25
1000 7.52 6.08 1 98 25
950 7.52 5.96 1 98 25
900 7.52 5.84 1 98 25
850 7.52 5.72 1 97 25
800 7.48 5.56 1 94.8 10
750 7.40 5.32 1 92.0 10
700 7.40 5.16 1 90.4 10
650 7.40 4.92 1 87.6 10
600 7.44 4.76 1 84.0 10
500 7.36 4.20 1 76.0 10
400 7.36 3.56 1 66.8 10
350 7.32 3.24 1 62.0 10
300 7.36 2.84 1 55.2 10
275 7.32 2.68 1 52.0 10
250 7.32 2.42 0.5 48.8 10
200 7.28 2.00 1 41.0 5
160 7.28 1.62 0.5 34.0 5
140 7.28 1.44 0.2 30.2 5
120 7.28 1.25 0.2 26.6 5
100 7.28 1.04 0.2 22.6 5
75 7.28 0.80 0.2 17.4 5
50 7.28 0.536 0.1 11.9 5
40 7.24 0.432 0.1 9.6 1
30 7.20 0.324 0.05 7.28 1
25 7.20 0.270 0.05 6.08 1
20 7.24 0.218 0.05 4.92 1
15 7.20 0.164 0.05 3.70 0.5
10 7.24 0.108 0.02 2.48 0.5
5 7.20 0.0536 0.02 1.26 0.5
