10000 7.60 0.60 0.1 2360 500
8000 7.64 0.748 0.1 1850 250
5000 7.60 1.18 0.2 1120 250
3000 7.56 1.92 0.5 624.0 100
2000 7.56 2.76 0.5 382.0 50
1500 7.56 3.48 0.5 260.0 50
1250 7.56 4.00 1 201.0 25
1000 7.52 4.60 1 145.0 25
950 7.52 4.76 1 135.0 25
900 7.52 4.88 1 124.0 25
850 7.52 5.08 1 114.0 25
800 7.48 5.20 1 103.0 25
750 7.48 5.40 1 93.0 25
700 7.40 5.48 1 83.2 10
650 7.40 5.64 1 73.2 10
600 7.40 5.84 1 64.4 10
500 7.36 6.20 1 46.8 10
400 7.36 6.52 1 31.6 5.0
350 7.32 6.68 1 24.6 5.0
300 7.28 6.84 1 18.3 2.5
275 7.32 6.92 1 15.7 2.5
250 7.28 7.00 1 13.00 2.5
200 7.28 7.16 1 8.50 2.5
160 7.28 7.24 1 5.52 1
140 7.28 7.28 1 4.2 1
120 7.28 7.32 1 3.08 1
100 7.28 7.32 1 2.18 0.5
75 7.28 7.36 1 1.210 0.25
50 7.28 7.36 1 0.516 0.1
40 7.24 7.36 1 0.314 0.050
30 7.20 7.32 1 0.158 0.050
25 7.20 7.32 1 0.105 0.025
20 7.20 7.28 1 0.0644 0.01
15 7.20 7.28 1 0.0332 0.01
10 7.24 7.28 1 0.0154 0.005
5 7.20 7.28 1 0.0044 0.005
