5 7.89 0.634 1.44
6 7.72  0.749 1.44
7 7.55 0.922 1.44
8 7.32 1.09 1.44
9 7.03 1.27 1.44
10 6.62 1.44 1.44
11 6.11 1.67 1.44
12 5.53 1.84 1.44
13 4.78 2.02 1.44
14 4.03 2.19 1.44
15 3.28 2.25 1.44
16 2.94 2.36 1.44
17 2.82 2.36 1.44
18 3.17 2.30 1.44
19 3.63 2.25 1.44
20 4.09 2.13 1.44
21 4.55 2.07 1.44
22 5.01 1.96 1.44
23 5.36 1.90 1.44
24 5.64 1.79 1.44
25 5.93 1.67 1.44
26 6.16 1.61 1.44
27 6.39 1.56 1.44
28 6.62 1.44 1.44
29 6.74 1.44 1.44
30 6.85 1.32 1.44
31 6.85 1.32 1.44
32 6.97 1.27 1.44
33 7.08 1.21 1.44
34 7.14 1.15 1.44
35 7.20 1.09 1.44
